#Name dhel sig_dhel vhel sig_vhel X Y Z vx sig_vx vy sig_vy vz sig_vz vrad sig_vrad vtan sig_vtan vtot sig_vtot
Arp2	29.8  0.7	115.0  10.0	19.2	4.1	-10.6	250.3  9.9	-36.0  10.1	194.0  7.7	117.1  9.9	296.4  8.4	318.7  9.2	
IC4499	20.1  0.5	31.5  0.4	3.1	-14.9	-7.0	28.9  5.5	247.8  6.9	-46.5  6.3	-195.6  6.2	161.6  6.8	253.7  7.4	
NGC1261	16.4  0.4	68.2  4.6	-8.2	-10.1	-13.0	78.0  3.9	51.6  7.6	76.6  5.1	-117.2  5.4	29.3  6.0	120.9  4.9	
NGC2298	10.2  0.2	148.9  1.2	-12.3	-8.9	-2.8	90.4  4.1	24.5  6.1	73.3  3.6	-99.4  4.1	65.2  5.6	118.9  4.4	
NGC2419	87.5  3.3	-20.3  0.7	-87.4	-0.5	37.3	16.6  5.8	48.5  16.1	-31.4  12.0	-27.9  1.4	53.2  15.1	60.1  13.1	
NGC4147	19.5  0.4	179.5  0.5	-9.6	-4.1	19.0	-49.2  4.0	-30.5  8.6	126.1  1.7	138.1  2.1	13.4  4.4	138.7  1.9	
NGC5024	19.0  0.4	-62.8  0.3	-5.3	-1.5	18.7	47.5  6.0	161.9  8.6	-69.8  1.4	-92.5  2.6	157.4  8.2	182.7  7.3	
NGC5053	18.1  0.4	42.6  0.3	-5.1	-1.4	17.7	51.0  6.0	150.7  8.3	35.5  1.4	8.2  2.9	162.8  7.9	163.0  7.9	
NGC5466	16.5  0.4	106.9  0.2	-4.8	3.1	15.8	-180.3  7.1	-40.6  10.2	218.2  3.0	249.3  3.6	140.0  12.8	285.9  7.7	
NGC6101	14.8  0.3	361.4  1.7	2.2	-9.6	-4.0	283.6  3.0	79.5  6.3	-199.1  4.2	63.6  10.9	349.8  4.7	355.5  4.0	
NGC6426	21.1  0.5	-212.2  0.5	9.6	9.6	5.9	-5.1  5.1	-154.1  10.4	-47.3  5.7	-121.8  3.5	105.7  11.6	161.2  9.8	
NGC6934	16.3  0.4	-406.5  0.5	1.2	12.1	-5.3	92.0  7.8	-303.2  8.2	129.4  3.2	-320.4  4.8	120.4  13.5	342.3  8.8	
NGC7006	40.5  0.9	-384.1  0.4	8.6	34.2	-13.4	-50.8  12.7	-148.9  9.6	66.6  12.9	-170.3  5.8	14.5  11.2	170.9  5.2	
Pal12	18.6  0.4	27.8  1.5	2.5	6.4	-13.7	318.0  7.7	14.0  8.8	100.7  4.0	-32.8  3.1	332.2  8.1	333.8  8.1	
Pal13	22.3  0.5	25.2  0.3	-7.5	16.4	-15.1	-146.9  9.6	217.3  7.6	-75.3  5.8	246.5  5.4	117.2  7.1	272.9  6.8	
Pal15	46.2  1.1	68.9  1.1	31.5	13.6	19.0	139.6  12.4	100.7  22.7	13.1  19.0	153.3  3.5	79.3  19.3	172.6  9.4	
Pyxis	37.4  0.9	34.3  1.9	-13.9	-36.7	4.6	135.2  16.6	211.1  6.5	117.7  16.5	-230.0  6.5	154.2  16.9	276.9  11.6	
Rup106	21.7  0.5	-44.0  3.0	2.6	-18.3	4.4	-113.8  7.6	236.9  7.5	40.9  6.6	-234.5  6.0	125.6  7.2	266.0  6.1	
Terzan7	25.5  0.6	166.0  4.0	15.6	1.4	-8.7	280.2  5.3	-51.9  10.8	209.8  8.8	137.4  4.4	326.1  9.8	353.9  9.2	
Terzan8	28.6  0.7	145.3  0.2	17.6	2.6	-11.9	304.4  5.8	-48.7  11.9	230.5  11.1	116.5  2.4	366.9  12.8	384.9  11.9