
#Name muastar sig_mua mud sig_mud ngal chisq ndof sig_ndof
Arp2	2.40  0.04	-1.54  0.03	43	10.2	8  4.0	
IC4499	-0.35  0.07	-0.35  0.07	56	1.1	6  3.5	
NGC1261	-1.69  0.04	-2.11  0.04	36	6.0	8  4.0	
NGC2298	-3.42  0.05	-2.30  0.05	36	5.5	8  4.0	
NGC2419	-0.05  0.03	-0.50  0.03	85	0.8	6  3.5	
NGC4147	1.78  0.04	-2.10  0.04	40	12.4	8  4.0	
NGC5024	0.17  0.06	-1.17  0.08	15	7.7	8  4.0	
NGC5053	0.34  0.07	-1.16  0.07	33	4.5	8  4.0	
NGC5466	4.90  0.08	-1.17  0.05	61	7.8	8  4.0	
NGC6101	-1.73  0.05	-0.47  0.05	20	5.5	8  4.0	
NGC6426	1.65  0.06	-3.08  0.06	27	5.2	6  3.5	
NGC6934	2.67  0.04	-4.52  0.05	30	16.3	8  4.0	
NGC7006	0.08  0.07	-0.73  0.08	42	3.2	6  3.5	
Pal12	3.06  0.05	-3.32  0.05	66	18.6	8  4.0	
Pal13	-1.70  0.09	0.08  0.06	38	3.4	6  3.5	
Pal15	0.33  0.09	-0.78  0.11	32	15.0	12  4.9	
Pyxis	-0.94  0.09	-0.13  0.09	41	9.8	6  3.5	
Rup106	1.09  0.08	0.48  0.06	43	3.1	6  3.5	
Terzan7	3.04  0.06	-1.71  0.05	43	5.3	8  4.0	
Terzan8	2.91  0.08	-1.63  0.06	31	2.1	8  4.0	
