# dhel rvhel sigma vrot
   7;  87.0;20.0;
  26; 140.0;11.4;
  23; 208.5; 3.9;
  32;-116.5; 6.7;
  42;-117.0;10.5;
  35; -39.2; 3.4;
  38; -12.3; 4.3;
  44;  98.1; 4.6;
  47; 197.5;14.0;
  51; 262.2;20.2;49.8
  64; 145.6;27.6;
  66;  99.0; 2.4;
  76;-291.0; 9.1;
  76;-246.9; 9.5;
  86; 111.4; 9.2;
  86; 224.2; 7.9;
  97; -55.3; 7.6;
 105; 222.9; 6.6;
 132;  45.2; 3.7;
 147;  55.3;11.7;
 154; 132.3; 3.3;
 160;-128.9; 4.6;
 178; 173.3; 3.7;
 182;      ;    ;
 218;  30.9; 7.6;
 233;  78.0; 6.6;
 254; 282.5; 9.2;
 783;-300.0;    ;
 805;-199.0;92.0;55.0
 766;-207.7; 4.5;
 824;-246.0;35.0;11.0
 794;      ;    ;
 745;-375.8;10.6;
 828;      ;    ;
 748;-345.6; 4.7;
 813;      ;    ;
 762;      ;    ;
 759;-419.6; 4.6;
 773;-403.0;11.5;
 701;-163.8; 3.9;
 769;      ;    ;
 802;      ;    ;
 871;-558.4; 2.6;
 676;-193.1;16.0;17.0
 859;      ;    ;
 735;-481.0; 5.4;
 631;-339.0;11.0;
 912;-195.0; 9.7;
 652;-193.6; 7.3;
 617;-203.8;24.0;15.0
 731;      ;    ;
 933;      ;    ;
 809;-179.2;    ;
 600;      ;    ;
 762;-309.4; 9.7;
 794;      ;    ;
 794;-348.0;    ;
 769;-286.5; 7.9;
 783;-354.0; 9.4;
 525;-385.0;10.0;
 661;      ;    ;
 755;-233.0;    ;
 415; -13.0;    ;
 459; -57.0;    ;
 755; -87.0;17.0; 7.7
 920;-183.3;    ;
 417;  38.1; 7.5;
 933;-130.0;17.5;20.8
 798;  22.3; 9.3;
1355;      ;    ;
1072;-140.7;    ;
 887; 194.0;15.8;
1067; -78.5;    ;
1361; -70.0;    ;
1300; 403.0;    ;
1426; 304.0;    ;
1349; 362.0;    ;
1432; 324.0;    ;
1675; 288.0;    ;
1675; 322.6;    ;
1905;-139.5;    ;
1923;      ;    ;
1932; 129.0;    ;
2032; 117.0;    ;
2080; 146.0;    ;
1950; 122.0;    ;
2523;-136.9;    ;
2208;  62.0;    ;
2188;  63.3;    ;
2178; 213.9;    ;
2291; 152.0;    ;
2582;  56.0;    ;
2270; 429.0;    ;
2582; 194.9;    ;
2965;  67.0;    ;
2594; 251.0;    ;
2443; 302.0;    ;
2793; 150.0;    ;
2582; 287.2;    ;
2858; 165.0;    ;
2951; 284.0;    ;
